230, 110, 175;
175, 0, 150;
190, 0, 145;
190, 0, 155;
160, 0, 190;
180, 90, 220;
205, 110, 215;
210, 130, 220;
230, 170, 250;
240, 170, 250;
230, 170, 220;
240, 190, 230;
250, 220, 240;
230, 210, 240;
200, 180, 230;
190, 140, 240;
180, 110, 240;
160, 100, 230;
140, 0, 210;
125, 0, 205;
80, 0, 170;
100, 0, 180;
110, 70, 200;
200, 200, 250;
170, 170, 240;
100, 100, 230;
90, 70, 195;
60, 0, 180;
0, 0, 180;
0, 60, 160;
140, 160, 240;
100, 120, 200;
0, 100, 210;
0, 110, 210;
60, 110, 220;
80, 130, 220;
0, 130, 230;
0, 95, 190;
0, 110, 195;
0, 110, 185;
0, 120, 200;
0, 140, 210;
60, 140, 210;
90, 145, 210;
100, 160, 240;
142, 180, 250;
130, 170, 230;
160, 190, 240;
145, 190, 245;
155, 195, 240;
170, 190, 220;
180, 210, 255;
215, 235, 250;
220, 235, 250;
230, 230, 250;
225, 240, 255;
244, 250, 255;
235, 252, 255;
152, 168, 170;
144, 160, 160;
220, 245, 255;
210, 245, 255;
215, 240, 255;
205, 230, 250;
195, 225, 250;
175, 217, 245;
170, 210, 240;
175, 225, 250;
125, 210, 245;
70, 180, 240;
0, 160, 220;
90, 200, 235;
90, 200, 225;
100, 190, 210;
120, 210, 230;
0, 165, 180;
0, 210, 230;
0, 215, 227;
0, 225, 235;
105, 225, 235;
90, 225, 230;
190, 242, 243;
180, 250, 245;
135, 240, 235;
97, 232, 227;
0, 220, 220;
0, 240, 215;
0, 175, 170;
0, 200, 185;
0, 235, 200;
0, 140, 80;
0, 220, 120;
0, 190, 120;
0, 225, 170;
65, 245, 190;
100, 250, 210;
155, 220, 175;
170, 220, 195;
200, 235, 210;
210, 245, 220;
220, 255, 230;
185, 230, 185;
205, 245, 175;
230, 252, 220;
245, 255, 230;
225, 250, 215;
235, 247, 207;
240, 252, 210;
230, 250, 190;
220, 255, 160;
220, 255, 100;
227, 255, 90;
170, 255, 0;
180, 255, 100;
120, 250, 110;
90, 220, 90;
75, 195, 0;
0, 190, 0;
0, 170, 0;
90, 110, 0;
130, 100, 0;
150, 130, 0;
180, 160, 0;
200, 168, 98;
110, 60, 0;
150, 85, 0;
150, 60, 0;
225, 155, 80;
230, 165, 80;
240, 180, 107;
237, 190, 131;
220, 190, 140;
225, 180, 140;
252, 178, 146;
245, 185, 159;
245, 185, 170;
255, 210, 193;
252, 222, 216;
255, 218, 206;
252, 215, 179;
252, 217, 177;
252, 220, 173;
252, 216, 155;
252, 230, 180;
252, 234, 204;
252, 234, 214;
252, 239, 219;
252, 240, 210;
255, 250, 215;
250, 250, 210;
255, 229, 145;
255, 220, 95;
227, 202, 60;
245, 255, 125;
245, 255, 90;
245, 255, 0;
255, 255, 0;
255, 245, 0;
255, 230, 0;
255, 220, 0;
255, 205, 0;
255, 198, 0;
255, 190, 0;
255, 190, 85;
255, 180, 0;
255, 160, 0;
245, 130, 0;
204, 97, 0;
255, 130, 70;
255, 160, 85;
255, 180, 100;
250, 195, 135;
250, 192, 132;
248, 200, 130;
252, 205, 148;
250, 199, 149;
255, 194, 149;
255, 155, 95;
230, 140, 100;
250, 168, 115;
252, 185, 140;
252, 190, 155;
252, 197, 178;
252, 190, 169;
252, 155, 128;
252, 152, 133;
255, 135, 0;
255, 140, 50;
255, 118, 0;
255, 111, 0;
255, 105, 0;
255, 95, 0;
255, 80, 0;
255, 110, 70;
248, 80, 0;
255, 70, 0;
255, 50, 0;
245, 0, 0;
240, 0, 50;
170, 60, 50;
185, 0, 60;
200, 0, 60;
225, 0, 60;
230, 0, 60;
255, 90, 100;
255, 146, 163;
255, 165, 175;
255, 178, 175;
255, 170, 160;
255, 180, 165;
255, 160, 185;
255, 140, 180;
255, 140, 190;
255, 175, 220;
255, 120, 220;
255, 100, 200;
250, 70, 200;
255, 80, 180;
255, 60, 160;
255, 55, 135;
255, 80, 125;
220, 0, 90;
255, 0, 100;
225, 98, 115;
233, 103, 133;
255, 180, 200;
250, 195, 215;
255, 200, 210;
255, 200, 200;
255, 200, 180;
255, 205, 195;
255, 213, 207;
255, 226, 228;
255, 236, 240;
255, 243, 247;
250, 240, 250;
245, 255, 255;
243, 255, 243;
255, 250, 235;
255, 243, 232;
250, 243, 232;
165, 165, 170;
200, 205, 205;
255, 255, 255;